0
0.01
0.02
0.03
0.04
0.05
0.06
0.07
0.08
0.09
0.1
0.09
0.08
0.07
0.06
0.05
0.04
0.03
0.02
0.01
0
-0.01
-0.02
-0.03
-0.04
-0.05
-0.06
-0.07
-0.08
-0.09
-0.1
-0.09
-0.08
-0.07
-0.06
-0.05
-0.04
-0.03
-0.02
-0.01
0
0.01
0.02
0.03
0.04
0.05
0.06
0.07
0.08
0.09
0.1
0.09
0.08
0.07
0.06
0.05
0.04
0.03
0.02
0.01
0
-0.01
-0.02
-0.03
-0.04
-0.05
-0.06
-0.07
-0.08
-0.09
-0.1
-0.09
-0.08
-0.07
-0.06
-0.05
-0.04
-0.03
-0.02
-0.01
0
0.01
0.02
0.03
0.04
0.05
0.06
0.07
0.08
0.09
0.1
0.09
0.08
0.07
0.06
0.05
0.04
0.03
0.02
0.01
0
-0.01
-0.02
-0.03
-0.04
-0.05
-0.06
-0.07
-0.08
-0.09
-0.1
-0.09
-0.08
-0.07
-0.06
-0.05
-0.04
-0.03
-0.02
-0.01
0
0.025
0.05
0.075
0.1
0.125
0.15
0.175
0.2
0.225
0.25
0.225
0.2
0.175
0.15
0.125
0.1
0.075
0.05
0.025
0
-0.025
-0.05
-0.075
-0.1
-0.125
-0.15
-0.175
-0.2
-0.225
-0.25
-0.225
-0.2
-0.175
-0.15
-0.125
-0.1
-0.075
-0.05
-0.025
0
0.025
0.05
0.075
0.1
0.125
0.15
0.175
0.2
0.225
0.25
0.225
0.2
0.175
0.15
0.125
0.1
0.075
0.05
0.025
0
-0.025
-0.05
-0.075
-0.1
-0.125
-0.15
-0.175
-0.2
-0.225
-0.25
-0.225
-0.2
-0.175
-0.15
-0.125
-0.1
-0.075
-0.05
-0.025
0
0.025
0.05
0.075
0.1
0.125
0.15
0.175
0.2
0.225
0.25
0.225
0.2
0.175
0.15
0.125
0.1
0.075
0.05
0.025
0
-0.025
-0.05
-0.075
-0.1
-0.125
-0.15
-0.175
-0.2
-0.225
-0.25
-0.225
-0.2
-0.175
-0.15
-0.125
-0.1
-0.075
-0.05
-0.025
0
0.05
0.1
0.15
0.2
0.25
0.3
0.35
0.4
0.45
0.5
0.45
0.4
0.35
0.3
0.25
0.2
0.15
0.1
0.05
0
-0.05
-0.1
-0.15
-0.2
-0.25
-0.3
-0.35
-0.4
-0.45
-0.5
-0.45
-0.4
-0.35
-0.3
-0.25
-0.2
-0.15
-0.1
-0.05
0
0.05
0.1
0.15
0.2
0.25
0.3
0.35
0.4
0.45
0.5
0.45
0.4
0.35
0.3
0.25
0.2
0.15
0.1
0.05
0
-0.05
-0.1
-0.15
-0.2
-0.25
-0.3
-0.35
-0.4
-0.45
-0.5
-0.45
-0.4
-0.35
-0.3
-0.25
-0.2
-0.15
-0.1
-0.05
0
0.05
0.1
0.15
0.2
0.25
0.3
0.35
0.4
0.45
0.5
0.45
0.4
0.35
0.3
0.25
0.2
0.15
0.1
0.05
0
-0.05
-0.1
-0.15
-0.2
-0.25
-0.3
-0.35
-0.4
-0.45
-0.5
-0.45
-0.4
-0.35
-0.3
-0.25
-0.2
-0.15
-0.1
-0.05
0
0.075
0.15
0.225
0.3
0.375
0.45
0.525
0.6
0.675
0.75
0.675
0.6
0.525
0.45
0.375
0.3
0.225
0.15
0.075
0
-0.075
-0.15
-0.225
-0.3
-0.375
-0.45
-0.525
-0.6
-0.675
-0.75
-0.675
-0.6
-0.525
-0.45
-0.375
-0.3
-0.225
-0.15
-0.075
0
0.075
0.15
0.225
0.3
0.375
0.45
0.525
0.6
0.675
0.75
0.675
0.6
0.525
0.45
0.375
0.3
0.225
0.15
0.075
0
-0.075
-0.15
-0.225
-0.3
-0.375
-0.45
-0.525
-0.6
-0.675
-0.75
-0.675
-0.6
-0.525
-0.45
-0.375
-0.3
-0.225
-0.15
-0.075
0
0.075
0.15
0.225
0.3
0.375
0.45
0.525
0.6
0.675
0.75
0.675
0.6
0.525
0.45
0.375
0.3
0.225
0.15
0.075
0
-0.075
-0.15
-0.225
-0.3
-0.375
-0.45
-0.525
-0.6
-0.675
-0.75
-0.675
-0.6
-0.525
-0.45
-0.375
-0.3
-0.225
-0.15
-0.075
0
0.1
0.2
0.3
0.4
0.5
0.6
0.7
0.8
0.9
1
0.9
0.8
0.7
0.6
0.5
0.4
0.3
0.2
0.1
0
-0.1
-0.2
-0.3
-0.4
-0.5
-0.6
-0.7
-0.8
-0.9
-1
-0.9
-0.8
-0.7
-0.6
-0.5
-0.4
-0.3
-0.2
-0.1
0
0.1
0.2
0.3
0.4
0.5
0.6
0.7
0.8
0.9
1
0.9
0.8
0.7
0.6
0.5
0.4
0.3
0.2
0.1
0
-0.1
-0.2
-0.3
-0.4
-0.5
-0.6
-0.7
-0.8
-0.9
-1
-0.9
-0.8
-0.7
-0.6
-0.5
-0.4
-0.3
-0.2
-0.1
0
0.1
0.2
0.3
0.4
0.5
0.6
0.7
0.8
0.9
1
0.9
0.8
0.7
0.6
0.5
0.4
0.3
0.2
0.1
0
-0.1
-0.2
-0.3
-0.4
-0.5
-0.6
-0.7
-0.8
-0.9
-1
-0.9
-0.8
-0.7
-0.6
-0.5
-0.4
-0.3
-0.2
-0.1
0
0.15
0.3
0.45
0.6
0.75
0.9
1.05
1.2
1.35
1.5
1.35
1.2
1.05
0.9
0.75
0.6
0.45
0.3
0.15
0
-0.15
-0.3
-0.45
-0.6
-0.75
-0.9
-1.05
-1.2
-1.35
-1.5
-1.35
-1.2
-1.05
-0.9
-0.75
-0.6
-0.45
-0.3
-0.15
0
0.15
0.3
0.45
0.6
0.75
0.9
1.05
1.2
1.35
1.5
1.35
1.2
1.05
0.9
0.75
0.6
0.45
0.3
0.15
0
-0.15
-0.3
-0.45
-0.6
-0.75
-0.9
-1.05
-1.2
-1.35
-1.5
-1.35
-1.2
-1.05
-0.9
-0.75
-0.6
-0.45
-0.3
-0.15
0
0.15
0.3
0.45
0.6
0.75
0.9
1.05
1.2
1.35
1.5
1.35
1.2
1.05
0.9
0.75
0.6
0.45
0.3
0.15
0
-0.15
-0.3
-0.45
-0.6
-0.75
-0.9
-1.05
-1.2
-1.35
-1.5
-1.35
-1.2
-1.05
-0.9
-0.75
-0.6
-0.45
-0.3
-0.15
0
0.2
0.4
0.6
0.8
1
1.2
1.4
1.6
1.8
2
1.8
1.6
1.4
1.2
1
0.8
0.6
0.4
0.2
0
-0.2
-0.4
-0.6
-0.8
-1
-1.2
-1.4
-1.6
-1.8
-2
-1.8
-1.6
-1.4
-1.2
-1
-0.8
-0.6
-0.4
-0.2
0
0.2
0.4
0.6
0.8
1
1.2
1.4
1.6
1.8
2
1.8
1.6
1.4
1.2
1
0.8
0.6
0.4
0.2
0
-0.2
-0.4
-0.6
-0.8
-1
-1.2
-1.4
-1.6
-1.8
-2
-1.8
-1.6
-1.4
-1.2
-1
-0.8
-0.6
-0.4
-0.2
0
0.2
0.4
0.6
0.8
1
1.2
1.4
1.6
1.8
2
1.8
1.6
1.4
1.2
1
0.8
0.6
0.4
0.2
0
-0.2
-0.4
-0.6
-0.8
-1
-1.2
-1.4
-1.6
-1.8
-2
-1.8
-1.6
-1.4
-1.2
-1
-0.8
-0.6
-0.4
-0.2
0
0.3
0.6
0.9
1.2
1.5
1.8
2.1
2.4
2.7
3
2.7
2.4
2.1
1.8
1.5
1.2
0.9
0.6
0.3
0
-0.3
-0.6
-0.9
-1.2
-1.5
-1.8
-2.1
-2.4
-2.7
-3
-2.7
-2.4
-2.1
-1.8
-1.5
-1.2
-0.9
-0.6
-0.3
0
0.3
0.6
0.9
1.2
1.5
1.8
2.1
2.4
2.7
3
2.7
2.4
2.1
1.8
1.5
1.2
0.9
0.6
0.3
0
-0.3
-0.6
-0.9
-1.2
-1.5
-1.8
-2.1
-2.4
-2.7
-3
-2.7
-2.4
-2.1
-1.8
-1.5
-1.2
-0.9
-0.6
-0.3
0
0.3
0.6
0.9
1.2
1.5
1.8
2.1
2.4
2.7
3
2.7
2.4
2.1
1.8
1.5
1.2
0.9
0.6
0.3
0
-0.3
-0.6
-0.9
-1.2
-1.5
-1.8
-2.1
-2.4
-2.7
-3
-2.7
-2.4
-2.1
-1.8
-1.5
-1.2
-0.9
-0.6
-0.3
0
0.4
0.8
1.2
1.6
2
2.4
2.8
3.2
3.6
4
3.6
3.2
2.8
2.4
2
1.6
1.2
0.8
0.4
0
-0.4
-0.8
-1.2
-1.6
-2
-2.4
-2.8
-3.2
-3.6
-4
-3.6
-3.2
-2.8
-2.4
-2
-1.6
-1.2
-0.8
-0.4
0
0.4
0.8
1.2
1.6
2
2.4
2.8
3.2
3.6
4
3.6
3.2
2.8
2.4
2
1.6
1.2
0.8
0.4
0
-0.4
-0.8
-1.2
-1.6
-2
-2.4
-2.8
-3.2
-3.6
-4
-3.6
-3.2
-2.8
-2.4
-2
-1.6
-1.2
-0.8
-0.4
0
0.4
0.8
1.2
1.6
2
2.4
2.8
3.2
3.6
4
3.6
3.2
2.8
2.4
2
1.6
1.2
0.8
0.4
0
-0.4
-0.8
-1.2
-1.6
-2
-2.4
-2.8
-3.2
-3.6
-4
-3.6
-3.2
-2.8
-2.4
-2
-1.6
-1.2
-0.8
-0.4
0
0.5
1
1.5
2
2.5
3
3.5
4
4.5
5
4.5
4
3.5
3
2.5
2
1.5
1
0.5
0
-0.5
-1
-1.5
-2
-2.5
-3
-3.5
-4
-4.5
-5
-4.5
-4
-3.5
-3
-2.5
-2
-1.5
-1
-0.5
0
0.5
1
1.5
2
2.5
3
3.5
4
4.5
5
4.5
4
3.5
3
2.5
2
1.5
1
0.5
0
-0.5
-1
-1.5
-2
-2.5
-3
-3.5
-4
-4.5
-5
-4.5
-4
-3.5
-3
-2.5
-2
-1.5
-1
-0.5
0
0.5
1
1.5
2
2.5
3
3.5
4
4.5
5
4.5
4
3.5
3
2.5
2
1.5
1
0.5
0
-0.5
-1
-1.5
-2
-2.5
-3
-3.5
-4
-4.5
-5
-4.5
-4
-3.5
-3
-2.5
-2
-1.5
-1
-0.5
0
